2.5 2.0
2.4996937812617444 2.0174964273021683
2.49877550012664 2.0349714236687664
2.497246281374249 2.0524035844144413
2.4951079981063184 2.069771557322118
2.4923632694524667 2.087054068796798
2.489015457362074 2.1042299499230497
2.485068662486318 2.1212781623942862
2.4805277191553854 2.138177824282057
2.4753981894570267 2.1549082356138016
2.4696863564236895 2.171448903727726
2.463399216336592 2.1877795683737506
2.456544470156154 2.203880226529785
2.4491305140892807 2.2197311569029265
2.441166429305061 2.235312944085579
2.4326619708114707 2.250606502336899
2.423627555506708 2.2655930989604416
2.414074249419795 2.2802543772493724
2.4040137541560758 2.294572378971135
2.3934583925642143 2.3085295663640433
2.382421093642244 2.3221088436188455
2.3709153767011637 2.335293577818952
2.3589553348054717 2.3480676193136785
2.346555617510922 2.3604153214995494
2.333731412920654 2.37232155998543
2.3204984290816624 2.383771751118014
2.3068728747444056 2.3947518698449755
2.292871439509112 2.405248466893905
2.2785112733831085 2.4152486852459853
2.263809965774203 2.4247402758842322
2.2487855239458634 2.4337116127970084
2.2334563509605676 2.442151707218435
2.2178412231383557 2.4500502210882527
2.2019592670581862 2.457397479714657
2.185829936130266 2.4641844836245834
2.1694729867680587 2.470402919586936
2.1529084541891446 2.476045170795258
2.136156627874589 2.4811043261973653
2.119238026716862 2.4855741889605225
2.102173373886761 2.4894492840617874
2.084983571450121 2.49272486499423
2.0676896747653926 2.4953969195808097
2.0503128666934662 2.49746217488879
2.032874431651312 2.4989181012386736
2.0153957295412335 2.4997629153027394
1.997898169587656 2.4999955822894018
1.9804031841135066 2.499615817210695
1.9629322022882953 2.4986240852313535
1.945506623880065 2.4970216010990383
1.9281477930433493 2.494810327656425
1.9108769721752545 2.4919929734369686
1.8937153158716797 2.488572989347286
1.8766838450155836 2.4845545644402285
1.859803421029031 2.479942620783815
1.8430947203205594 2.4747428074323157
1.8265782089591642 2.4689614935068644
1.8102741176059234 2.4626057603940845
1.7942024167339672 2.455683393072274
1.7783827921671462 2.44820287057578
1.7628346209673584 2.4401733556092458
1.7475769477000718 2.431604683324437
1.732628461107113 2.4225073492734173
1.7180074712152953 2.4128924965528045
1.7037318869089255 2.4027719021548726
1.6898191939936604 2.39215796254221
1.676286433778581 2.3810636784636015
1.6631501822027197 2.3695026390297356
1.6504265295316087 2.3574890050682464
1.6381310606487158 2.345037491778468
1.626278835965911 2.3321633507071566
1.6148843729763462 2.318882351067252
1.6039616284723404 2.305210760422564
1.5935239814500548 2.2911653247620407
1.5835842167218956 2.276763247988028
1.5741545092567168 2.262022170843638
1.5652464092670075 2.2469601493050444
1.5568708280613237 2.2315956324651722
1.5490380246793014 2.215947439935864
1.5417575933256151 2.200034738796209
1.5350384516182771 2.1838770201152684
1.5288888296656706 2.167494075077952
1.523316259985696 2.1509059707432923
1.5183275682793782 2.1341330254648083
1.5139288650702365 2.1171957840030586
1.5101255382196577 2.100114992360884
1.5069222463274392 2.0829115723721445
1.5043229130255868 2.065606596075091
1.502330722172357 2.0482212599017515
1.5009481139524272 2.030776858714955
1.5001767818879757 2.0132947597247863
1.5000176707643291 1.9957963763164241
1.5004709754727172 1.9783031418214239
1.5015361407715566 1.9608364832645657
1.5032118619665522 1.9434177951184293
1.5054960865087839 1.926068413097839
1.5083860165088225 1.9088095880262823
1.5118781121637954 1.8916624598063083
1.5159680960932012 1.8746480315257894
1.5206509585781662 1.8577871437317668
1.5259209636977245 1.841100448903385
1.5317716563546027 1.824608386155188
1.5381958701819074 1.8083311562017599
1.5451857363210286 1.7922886966143747
1.552732693060008 1.7765006573999667
1.5608274963205642 1.7609863769323264
1.5694602309809336 1.745764858265013
1.5786203230206546 1.730854745854989
1.5882965524724206 1.716274302725492
1.5984770671651363 1.7020413880961158
1.6091493972413455 1.688173435507498
1.620300470431248 1.674687431467414
1.6319166280645936 1.6615998946444295
1.643983641800847 1.648926855634595
1.6564867310571252 1.636683837325973
1.6694105811125624 1.6248858358850384
1.682739361866929 1.6135473023882525
1.6964567472305252 1.6026821251212995
1.7105459351215977 1.5923036125676735
1.7249896680467904 1.5824244771074514
1.7397702542394151 1.5730568194462156
1.7548695893296533 1.5642121137932041
1.770269178520146 1.5559011938068381
1.7859501592398066 1.5481342393248456
1.801893324248113 1.5409207638952327
1.8180791451615745 1.5342696031233773
1.8344877963735602 1.5281889038495176
1.8510991793381872 1.5226861141698906
1.8678929471885277 1.517767974313747
1.8848485296589745 1.5134405083874123
1.9019451582812459 1.509709016995509
1.9191618918231612 1.5065780707483811
1.936477641939032 1.5040515046636656
1.9538711990002486 1.502132413468877
1.9713212580744228 1.500823147810752
1.988806445021266 1.500125311376003
2.0063053426732376 1.5000397589269991
2.0237965170688987 1.500566595254793
2.041258543706833 1.5017051750507624
2.0586700337879824 1.5034541036970328
2.076009660414252 1.5058112389747111
2.0932561847112927 1.5087736936878346
2.110388481843466 1.512337839199826
2.1273855668891266 1.5164993098781183
2.1442266205445284 1.5212530084415103
2.160891014624866 1.5265931122036973
2.1773583373312233 1.5325130802053344
2.1936084182524733 1.539005661225894
2.209621353071512 1.546062902665503
2.2253775279455548 1.5536761602858853
2.240857643530642 1.5618361087984702
2.256042738620925 1.5705327532867068
2.2709142133737683 1.5797554414485866
2.2854538520922314 1.5894928766443797
2.299643845537023 1.599733131733609
2.3134668127405895 1.6104636636843024
2.3269058222966255 1.6216713289366411
2.339944413098933 1.633342399502176
2.352566614504216 1.645462579778896
2.36475696589412 1.6580170240615542
2.3765005356125606 1.6709903547257996
2.387782939255129 1.6843666810638442
2.3985903572881946 1.6981296187485935
2.4089095519761012 1.712262309902397
2.41872788359574 1.7267474437458414
2.428033325918631 1.7415672778012914
2.436814480941545 1.756703659625204
2.4450605928476357 1.7721380490426035
2.45276156118097 1.787851540856478
2.4599079532183223 1.8038248880042795
2.4664910155230815 1.8200385251331712
2.472502684667116 1.8364725925651364
2.477935597107466 1.8531069606226012
2.482783098205761 1.869921254284773
2.4870392503793206 1.8868948781444916
2.490698840373952 1.9040070416350299
2.493757385649532 1.921236784495936
2.4962111398705593 1.9385630024467324
2.4980570974949488 1.955964473037021
2.499292997455441 1.9734198816413295
2.4999173259291307 1.990907847566864
